,Managing behavior,Expressive communication,Receptive communication,Seeking help,Asking questions,Following directions,Habits / routines,Perception,Relationships with unfamiliar people,Relationships with peers,Relationships with parents,Relationships with teachers,Social cooperation,Comfort in social situations,Social communication,Social activity,Social awareness,Respect for others,Sexual behavior,Play,Social belonging,Sense of safety,Response to peer pressure,Bullying,Managing conflict,Coping skills,Resourcefulness,Resilience,Managing emotions,Emotional expression,Emotional awareness,Mood,Managing thoughts,Reasoning ability,Decision-making,Problem solving,Learning new things,Learning from feedback and mistakes,Attention,Memory,Planning,Organization,Time management,Setting and striving for goals,Task initiation,Task completion,Thinking speed,Abstract thinking,Creativity and imagination,Knowledge and skills,Reading,Writing,Motivation,Leadership,Willingness to try new things,Openness,Respect for others,Fairness,Politeness,Patience,Helpfulness,Kindness and caring,Integrity and honesty,Responsibility,Work habits,Independence,Initiative,Assertiveness,Perseverance,Future outlook,Activity level,Effort,Self-control,Self-awareness,Self-monitoring,Self-reflection,Self-acceptance,Self-confidence,Self-advocacy,Self-care / hygiene,Eating and diet,Emotional well-being,Sleep and fatigue,Stress management,Substance use,Academic performance,Class participation
Managing behavior,1.0,0.08391608391608392,-0.2618577075098814,-0.07185761957730812,-0.13076923076923078,-0.43333333333333335,0.2606060606060606,0.1660079051383399,-0.02869565217391304,0.1706646294881589,-0.021671826625386997,-0.04797570850202429,0.09304812834224599,0.2666041275797374,-0.10256410256410256,-0.011764705882352941,0.008547008547008546,0.3208695652173913,0.34696356275303647,0.2693548387096774,-0.2352941176470588,0.1694581280788177,-0.14940170940170938,-0.02434782608695652,-0.42,-0.09072580645161292,0.19413919413919414,0.115406162464986,0.0424916573971079,-0.42892156862745107,-0.03199174406604747,0.1023535851122058,0.07429643527204503,-0.22598290598290596,0.033020637898686686,0.16846153846153847,-0.045787545787545784,-0.050769230769230775,0.3382269904009035,-0.054782608695652164,-0.09759358288770054,0.11744840525328332,0.05161290322580646,0.09677419354838708,-0.22167487684729056,-0.15,0.0,0.23636363636363633,0.1523300229182582,0.006060606060606061,-0.18692307692307694,0.25357142857142856,0.0357620320855615,-0.1434782608695652,-0.1434782608695652,0.37913043478260866,0.3235460191981932,-0.059129106187929714,-0.2554621848739496,-0.016711229946524065,-0.1364532019704433,0.06470588235294117,-0.08333333333333334,-0.13846153846153847,0.5834782608695652,0.02075098814229249,-0.1268376068376068,0.06606437041219651,-0.19999999999999998,0.1926655719759168,0.1328671328671329,0.0028232636928289105,-0.38011204481792726,0.0411096256684492,-0.0784457478005865,0.07986651835372637,-0.17333333333333334,0.18475073313782991,-0.2309429700734049,-0.45304437564499483,-0.014782608695652172,-0.18918918918918917,0.2908067542213884,0.35194805194805195,-0.024615384615384615,-0.3922924901185771,0.012807881773399012
Expressive communication,0.08391608391608392,1.0,-0.014285714285714282,-0.6464285714285712,-0.13565217391304346,-0.6666666666666669,0.3,0.08928571428571427,-0.7142857142857143,0.3408695652173913,-0.12967032967032965,-0.4070175438596491,0.13116883116883118,-0.12140033879164315,-0.04195804195804196,0.02097902097902098,-0.3382352941176471,0.8285714285714287,0.04615384615384615,-0.16103896103896104,0.10989010989010989,0.05826086956521739,-0.044466403162055336,0.6837944664031621,0.437391304347826,0.125,0.13391304347826086,0.02,0.10086956521739131,0.18214285714285713,-0.4230769230769231,0.18,0.10521739130434782,0.07368421052631578,-0.2524509803921569,-0.3010989010989011,-0.027826086956521737,-0.04175824175824176,-0.30637254901960786,0.11043478260869564,0.024703557312252968,0.5478260869565217,0.12,-0.0894736842105263,-0.1643478260869565,-0.523809523809524,0.22527472527472525,1.0,-0.3804347826086957,0.06666666666666667,-0.3245614035087719,0.12087912087912088,-0.10521739130434782,-0.7142857142857143,-0.3142857142857143,0.1607142857142857,-0.1519607843137255,-0.37293233082706767,-0.27554179566563464,0.02089215132693394,0.18347826086956517,0.20979020979020982,0.41666666666666663,0.18173913043478263,0.8285714285714287,0.12142857142857141,0.13970588235294118,-0.13823529411764704,-0.28571428571428575,0.2545454545454545,0.09478260869565217,0.02417582417582418,0.06956521739130435,0.4014680971202711,-0.1764705882352941,0.28792569659442724,0.35664335664335667,-0.4323529411764706,0.36428571428571427,0.11304347826086956,-0.028571428571428574,-0.008469791078486732,0.31565217391304345,0.5333333333333333,0.42352941176470593,-0.11758893280632411,-0.18577075098814227
Receptive communication,-0.2618577075098814,-0.014285714285714282,1.0,-0.03508064516129032,-0.05729564553093964,0.021428571428571425,0.1243478260869565,0.4187755102040816,0.3216783216783217,-0.03223834988540871,0.5372549019607844,-0.06962649753347426,-0.2567200241618846,-0.0929386370644465,0.14822134387351776,0.18508064516129033,-0.34194113141481564,0.0979020979020979,-0.07471352177234529,-0.20988142292490114,-0.03968253968253968,0.026638477801268497,0.04878048780487806,0.23846153846153845,-0.1893048128342246,-0.22794117647058826,-0.16489749615104124,-0.014828620046997814,0.04355342136854741,-0.19863247863247863,-0.24236874236874237,-0.10123281175912754,-0.1965464076472402,-0.15522648083623697,-0.28372803666921315,-0.07257448433919021,-0.333231474407945,-0.10256410256410256,0.12510121457489878,0.17815249266862168,0.10429880197322057,-0.13196480938416422,-0.1844532279314888,-0.0613107822410148,0.03359683794466403,0.17857142857142855,-0.1984126984126984,-0.05714285714285713,-0.11817761332099908,0.1652173913043478,-0.0667247386759582,0.016532258064516133,0.08388955582232892,0.20979020979020982,0.2657342657342658,0.25615763546798026,0.1596454754349491,0.2580690627202255,0.24868325095211086,-0.18767345050878817,-0.17463002114164905,-0.1955645161290323,-0.13823529411764704,0.06701239769872783,-0.15384615384615385,0.29911164465786316,0.013205282112845136,-0.1133208255159475,0.3121739130434782,-0.09100370027752082,-0.024999999999999998,0.20791844476055002,0.3141299193930772,0.16869147659063624,-0.21120448179271709,-0.19838056680161942,0.05887096774193549,-0.005923344947735193,0.16392512762336925,0.024957264957264955,0.07692307692307693,0.2889685476410731,-0.005427702996092054,-0.4264705882352942,-0.004228329809725159,0.16294170945333736,-0.2904858299595142
Seeking help,-0.07185761957730812,-0.6464285714285712,-0.03508064516129032,1.0,0.5059901338971107,0.5059288537549407,-0.12087912087912088,0.03427419354838711,0.40086956521739125,0.2773519163763067,0.10317460317460315,0.2104081632653061,-0.2682170542635659,-0.028677150786308978,0.009664753850800362,-0.4116935483870968,0.2889300030835646,-0.3347826086956522,-0.06330532212885154,0.0786771368166717,0.2413101604278075,-0.029252086540798965,0.19651567944250875,-0.07846153846153846,-0.16944232238349885,-0.29049066435084675,-0.48761726078799256,-0.08315546828310424,-0.0804878048780488,0.04846256684491979,0.301219512195122,-0.07754010695187166,0.05507176261893242,0.17854251012145747,-0.029268292682926838,-0.1853846153846154,0.10647773279352227,-0.23717008797653957,-0.043148411569464196,-0.02637050005471058,0.043741765480895915,-0.18442776735459665,-0.2054128514707074,-0.0510204081632653,0.10233580018501388,0.22035573122529645,0.2510026737967915,-0.33739130434782605,-0.11198945981554678,0.367032967032967,0.12715191784959226,0.0020022246941045607,0.0975023126734505,0.4991304347826086,-0.006956521739130434,-0.1398046398046398,0.15630824082327202,0.029852366478506292,0.3765306122448979,-0.2505704594511255,-0.2006968641114983,-0.09584859584859586,-0.056372549019607844,-0.249633431085044,0.13478260869565215,0.03225806451612904,-0.018054491738702265,-0.05926979611190136,-0.06428571428571428,0.03865164897496151,0.2071428571428571,0.1275862068965517,-0.0883275261324042,-0.3229648473635523,0.31092318534179003,-0.20061115355233,-0.3389328063241107,-0.13783323879750425,-0.3015647226173541,0.054838709677419356,0.3347826086956522,0.19782805429864253,-0.05683247570040022,-0.2785714285714285,-0.08963585434173671,-0.043255131964809374,0.2802960222016651
Asking questions,-0.13076923076923078,-0.13565217391304346,-0.05729564553093964,0.5059901338971107,1.0,0.14869565217391303,-0.5269607843137256,-0.09427043544690604,0.4681318681318682,0.22870544090056288,0.26108374384236444,0.1361522198731501,-0.22121492445266727,-0.17150786308973173,0.20766129032258068,-0.295788770053476,0.2881899475794018,-0.3626373626373627,-0.18878299120234604,0.10606060606060606,0.1808155080213904,-0.013469387755102041,0.1431828050369084,0.03759733036707453,0.13927125506072877,-0.07451581135791661,-0.2835432045158489,0.1370135746606335,-0.15912614517265677,0.38365164247517186,0.32582448748075526,-0.07276507276507277,0.11739093315119951,-0.011263268778867191,-0.09771309771309772,-0.09140667761357417,0.1795630725863284,0.12800802139037434,0.15222672064777326,0.07443724946037619,-0.19094659140251843,-0.19554655870445345,-0.0818181818181818,-0.27218215703751725,0.39408369408369415,-0.14260869565217388,0.054144385026737976,-0.07217391304347825,-0.013460703430308293,-0.27941176470588236,0.20856389986824767,-0.18783422459893048,-0.13248868778280543,0.1956043956043956,0.22637362637362637,-0.07044334975369455,-0.0702436016034536,-0.036544850498338874,0.1174871639987919,0.01724489795918367,-0.2595520421607378,-0.24028461959496444,-0.3382352941176471,0.020647773279352227,-0.06813186813186813,-0.08785332314744079,-0.23658536585365858,0.02330670751723383,-0.44852941176470595,-0.061362935553499844,-0.29304347826086957,0.037500000000000006,0.15966228893058165,-0.28497737556561087,0.08131816026552867,0.14234234234234233,-0.28205128205128205,-0.25651967757230915,-0.2482176360225141,0.05923344947735191,0.0989010989010989,0.02104532839962997,-0.05297532656023221,-0.014705882352941176,-0.20459933617828355,-0.18663967611336035,0.5035639412997902
Following directions,-0.43333333333333335,-0.6666666666666669,0.021428571428571425,0.5059288537549407,0.14869565217391303,1.0,0.642857142857143,-0.0964285714285714,0.0,-0.06617647058823531,0.16043956043956045,0.18869565217391301,-0.28721804511278193,-0.30977443609022554,0.14685314685314685,-0.42857142857142855,0.11217391304347826,-0.49999999999999994,0.027472527472527472,0.17217391304347823,0.3362637362637363,0.08120300751879699,0.4547826086956522,-0.3272727272727273,-0.2411764705882353,0.23529411764705882,-0.5403508771929825,-0.0028232636928289105,0.030075187969924807,0.14782608695652172,0.2939130434782608,0.03431372549019608,0.16695652173913042,0.0826086956521739,0.22941176470588234,0.25874125874125875,0.33102766798418976,0.10869565217391304,-0.04656862745098039,-0.33333333333333337,-0.041739130434782605,-0.06764705882352941,-0.3924812030075188,-0.1847265221878225,-0.1269565217391304,0.47478260869565214,0.6703296703296703,0.3571428571428572,-0.2506493506493506,1.0,0.24434782608695652,0.2713043478260869,0.38869565217391305,-0.49999999999999994,0.9999999999999999,-0.005494505494505494,0.32521739130434785,0.18382352941176472,0.3695652173913043,-0.34584980237154156,0.016541353383458645,-0.3054945054945055,-0.21428571428571433,0.07941176470588236,-0.09999999999999999,-0.18214285714285713,-0.21078431372549022,-0.07352941176470588,0.04761904761904763,0.15565217391304348,0.09523809523809526,0.2912087912087912,-0.047058823529411764,-0.1695652173913043,-0.2764705882352941,0.13823529411764704,-0.04895104895104895,-0.1607142857142857,-0.021671826625386997,0.13826086956521738,-0.49999999999999994,0.38869565217391305,0.009565217391304347,-0.28571428571428575,0.2529411764705882,0.0058823529411764705,-0.13217391304347825
Habits / routines,0.2606060606060606,0.3,0.1243478260869565,-0.12087912087912088,-0.5269607843137256,0.642857142857143,1.0,0.19999999999999998,0.9999999999999999,-0.1411764705882353,0.09999999999999999,-0.06466165413533834,0.2930547713156409,-0.3104347826086956,0.10909090909090911,0.3928571428571428,0.1936274509803922,0.9999999999999999,0.21078431372549022,0.3890457368718239,0.2571428571428571,0.24086956521739128,-0.05826086956521739,0.23076923076923078,-0.0823529411764706,0.4593406593406593,-0.18086956521739128,-0.031055900621118016,-0.21043478260869564,0.02727272727272728,0.2087912087912088,0.19548872180451127,0.0608695652173913,0.35454545454545455,0.3214285714285714,0.2434782608695652,0.5647058823529412,0.4125874125874127,-0.2417391304347826,0.021671826625386997,0.12817617165443254,-0.09705882352941177,-0.27391304347826084,-0.03217391304347826,-0.06719367588932806,1.0,0.054945054945054944,0.023809523809523815,-0.4208695652173913,0.46086956521739125,0.40259740259740256,0.7890109890109891,-0.06173913043478261,0.9999999999999999,0.9999999999999999,0.07692307692307693,0.034782608695652174,0.2452173913043478,0.4840041279669762,-0.09683794466403163,0.03909774436090225,-0.1857142857142857,0.642857142857143,-0.12,-0.49999999999999994,0.054782608695652164,0.27999999999999997,0.04210526315789473,0.48333333333333334,0.11739130434782606,0.5333333333333333,0.653250773993808,0.14736842105263157,-0.034782608695652174,-0.0035714285714285704,0.3954887218045112,0.22352941176470587,0.18771929824561404,0.6160990712074303,-0.23076923076923078,0.0,0.27043478260869563,0.11043478260869564,-0.11904761904761905,0.712280701754386,-0.20869565217391303,-0.27347781217750256
Perception,0.1660079051383399,0.08928571428571427,0.4187755102040816,0.03427419354838711,-0.09427043544690604,-0.0964285714285714,0.19999999999999998,1.0,0.11188811188811189,0.05943468296409473,0.3008403361344538,0.023819591261451726,-0.20582905466626397,-0.2864631514030219,-0.1383399209486166,0.03024193548387097,-0.3401903928219718,0.4545454545454546,-0.005958747135217723,-0.1826086956521739,-0.005494505494505494,0.037632135306553904,0.11027874564459932,0.07307692307692308,-0.25255920550038197,-0.4161096256684492,-0.20622315857710075,-0.0749534073413824,0.19039615846338534,-0.20068376068376068,0.03174603174603174,-0.2769084874348032,0.26598828245451744,0.007491289198606273,-0.44568372803666917,0.09977081741787625,-0.22261268143621082,0.057997557997558,0.1354251012145749,-0.06085043988269794,-0.3141649048625793,-0.17705278592375365,-0.20039525691699603,0.14982381959126145,-0.21436100131752303,0.1964285714285714,-0.33516483516483514,-0.1964285714285714,0.07967160037002775,0.18956521739130433,0.05313588850174217,0.07258064516129033,-0.021944777911164462,0.0,0.006993006993006993,0.15325670498084293,0.1406061932377722,0.1434813248766737,-0.022769629689652376,0.12800647548566144,-0.08301620859760393,-0.059677419354838716,-0.2058823529411765,0.08338060124787294,0.2657342657342658,0.3045858343337335,-0.03510204081632653,-0.3397748592870544,0.09913043478260869,0.24930619796484738,0.33928571428571425,-0.08890469416785204,-0.06733048838311995,0.042977190876350546,-0.2949579831932773,-0.08522267206477734,-0.21935483870967742,-0.23989547038327533,0.020824892634308406,-0.09743589743589742,0.49650349650349657,0.4138529139685477,-0.15686061658706035,-0.4803921568627451,-0.2384475989127152,0.33766233766233766,-0.154251012145749
Relationships with unfamiliar people,-0.02869565217391304,-0.7142857142857143,0.3216783216783217,0.40086956521739125,0.4681318681318682,0.0,0.9999999999999999,0.11188811188811189,1.0,0.12956521739130433,0.28484848484848485,0.0626086956521739,-0.06616541353383458,0.1417391304347826,-0.025217391304347827,0.2121212121212121,0.28529411764705886,-0.22869565217391302,0.2626086956521739,0.05147058823529412,0.5,0.06176470588235294,0.22499999999999998,-0.18787878787878787,-0.2797202797202798,0.16695652173913042,-0.049999999999999996,0.0826086956521739,-0.31764705882352945,0.6,0.5,0.1164835164835165,-0.13739130434782607,0.2527472527472528,0.2965217391304348,0.48181818181818187,0.18131868131868134,-0.3727272727272728,-0.12637362637362637,0.14285714285714285,0.37009803921568635,-0.11826086956521738,-0.303921568627451,-0.36173913043478256,0.49754901960784315,0.0,0.27272727272727276,-0.25,-0.09022556390977443,0.8999999999999998,0.1032967032967033,-0.41666666666666663,0.41052631578947374,0.7017391304347826,0.3904347826086956,-0.18787878787878787,-0.04195804195804196,0.3043478260869565,0.49391304347826087,-0.4333333333333333,-0.5735294117647058,0.01818181818181818,0.5428571428571429,-0.21428571428571427,0.021739130434782605,0.4545454545454546,0.2571428571428571,0.23626373626373626,-0.028571428571428574,0.23076923076923075,-0.08571428571428573,0.6853146853146854,0.40695652173913033,-0.07352941176470588,-0.1695652173913043,0.4058823529411764,0.3706293706293707,-0.18869565217391301,0.1758241758241758,-0.09090909090909088,-0.1660869565217391,-0.23652173913043475,-0.308695652173913,0.28571428571428575,0.4241758241758242,-0.21428571428571427,0.3651960784313726
Relationships with peers,0.1706646294881589,0.3408695652173913,-0.03223834988540871,0.2773519163763067,0.22870544090056288,-0.06617647058823531,-0.1411764705882353,0.05943468296409473,0.12956521739130433,1.0,0.33830645161290324,-0.14592969472710454,-0.23504611330698283,0.03739434816016392,-0.026126814362108473,-0.3107448107448107,0.05242914979757085,0.15391304347826085,0.0674089068825911,-0.16354575656901238,-0.043787629994526546,-0.11674375578168363,0.2797909407665506,-0.14809384164222872,0.09148367231180618,-0.08722002635046114,-0.13517786561264822,0.2732860923759925,-0.09881422924901186,-0.1713191023535851,-0.000985221674876847,0.09979757085020242,-0.21868686868686874,0.22672064777327938,0.14935064935064937,-0.2655172413793103,-0.06072874493927126,-0.2395995550611791,-0.20411840411840412,-0.10364372469635627,-0.17011980267794222,0.27836734693877546,0.18408880666049954,0.20645586297760213,-0.07550878815911193,-0.056372549019607844,0.07443897099069512,-0.02450980392156863,-0.3230804810360777,-0.28529411764705886,-0.07125506072874495,0.28384615384615386,0.0854081632653061,0.13478260869565215,0.15739130434782608,-0.15172413793103445,0.24509803921568626,-0.017691951896392232,-0.14264569842738203,-0.10719241443108232,0.28921775898520086,-0.22,-0.049999999999999996,0.07530364372469636,0.3782608695652173,-0.08754774637127577,-0.1876518218623482,0.3142857142857143,-0.1956043956043956,-0.034430685593476285,-0.08695652173913042,-0.1427139037433155,-0.15831932773109242,-0.2421831637372803,0.11908726487819919,-0.1236842105263158,-0.14896214896214896,0.1358618563058896,-0.1680823680823681,-0.032754010695187165,0.2069565217391304,-0.03380858874754546,0.3379357484620643,-0.21362229102167182,-0.1827541827541828,-0.05122265122265123,-0.10305272895467159
Relationships with parents,-0.021671826625386997,-0.12967032967032965,0.5372549019607844,0.10317460317460315,0.26108374384236444,0.16043956043956045,0.09999999999999999,0.3008403361344538,0.28484848484848485,0.33830645161290324,1.0,-0.07001287001287002,-0.38904694167852055,-0.12229965156794427,-0.048120300751879695,-0.09846153846153846,-0.18914956011730205,0.3939393939393939,-0.2534209085933224,0.14912280701754385,-0.02692307692307692,0.15975609756097564,-0.2635778635778636,0.05454545454545454,0.03669354838709678,-0.3241379310344827,-0.13658536585365855,-0.15572715572715573,0.2471824050771419,-0.3325804630152457,0.0958498023715415,0.4838709677419355,-0.09962476547842404,-0.19099099099099098,-0.02353585112205802,-0.35665024630541864,-0.09469074986316366,0.015245623941276118,0.18379790940766555,-0.0028921023359288096,0.04385964912280701,-0.30815544608648054,-0.20714285714285718,0.305019305019305,0.18328044643834118,0.2087912087912088,0.19230769230769232,0.12087912087912088,-0.24459930313588854,-0.042608695652173914,0.1608751608751609,0.4756521739130434,0.34407665505226487,0.28484848484848485,0.19999999999999998,0.06041784302653869,0.4976317799847212,0.13063063063063063,-0.008708938120702826,-0.08562753036437248,0.042471042471042476,-0.3484615384615385,-0.39780219780219783,-0.14560733384262795,0.22424242424242422,0.18123249299719887,-0.2850421271473903,0.31120448179271715,-0.24285714285714283,-0.2909508698982383,-0.2175824175824176,0.22092245989304812,0.29512032085561496,-0.3806762227814859,0.04471635150166852,-0.16442577030812328,-0.24308300395256918,0.41359816653934295,0.1407624633431085,0.05434782608695652,0.09090909090909088,0.31515679442508715,0.35404858299595143,-0.37912087912087916,-0.05882352941176471,0.20857771260997066,-0.035093582887700536
Relationships with teachers,-0.04797570850202429,-0.4070175438596491,-0.06962649753347426,0.2104081632653061,0.1361522198731501,0.18869565217391301,-0.06466165413533834,0.023819591261451726,0.0626086956521739,-0.14592969472710454,-0.07001287001287002,1.0,0.04884559884559885,-0.16906398730830247,-0.2954954954954955,-0.10308123249299721,0.2559183673469388,0.21478260869565213,-0.0351131221719457,-0.03245345929424841,0.10000000000000002,-0.11204906204906206,0.10515837104072398,-0.24033613445378152,-0.15695648650838667,-0.1965744400527009,0.0811044417767107,-0.14267583289264937,-0.014357864357864361,0.11095305832147936,0.09803921568627454,0.08948504471168671,0.13720905959711932,-0.015294117647058821,-0.5038914027149322,-0.2759103641456583,0.005488744989207524,0.23606271777003487,-0.07441860465116279,-0.12769556025369977,-0.26125073056692,-0.211734693877551,-0.17865446922050693,-0.06992481203007518,0.006805807622504539,-0.06956521739130435,-0.07058823529411766,-0.15263157894736842,0.08860513352346384,-0.13383458646616542,-0.16150620867602,-0.12632687788671906,-0.17770737327188943,0.18956521739130433,-0.03130434782608695,0.15070028011204484,0.04848484848484848,-0.09487354750512646,0.20964408725602757,-0.0033898305084745766,-0.164812127076278,-0.07198879551820728,-0.1744360902255639,0.027469410906733657,-0.13217391304347825,-0.40704721634954194,0.01836734693877551,0.17434813248766737,0.4052173913043478,0.11933621933621937,-0.356140350877193,0.07320275741328372,-0.022818900177390744,-0.2760444209413009,0.17772895467160038,0.23103607770582793,0.11500164131743079,0.15045960328979197,-0.16090040086339807,-0.0072829131652661075,-0.29217391304347823,0.07368881118881118,-0.11638737259991602,-0.17560700169395824,-0.14049491211840887,-0.05923344947735191,-0.05724489795918367
Social cooperation,0.09304812834224599,0.13116883116883118,-0.2567200241618846,-0.2682170542635659,-0.22121492445266727,-0.28721804511278193,0.2930547713156409,-0.20582905466626397,-0.06616541353383458,-0.23504611330698283,-0.38904694167852055,0.04884559884559885,1.0,0.07485412614615172,0.1341868183973447,0.2010066746908852,0.07619909502262442,0.37744360902255636,0.03928461301264261,-0.06928960331864144,-0.028121238647554437,-0.12368882463317853,0.023786486050636994,0.13753501400560225,0.08766737138830162,0.1661962657403387,0.12099567099567103,0.1195877625097226,0.20266575529733427,0.11948790896159317,0.006692406692406694,0.11810681719496308,0.18751983077736645,0.1528451380552221,-0.1768345636126791,-0.15898894846263267,0.23424947145877376,0.2550836550836551,-0.1977551020408163,0.2895467160037003,-0.07129758266185053,0.08669301712779973,0.19376172752160942,-0.33220448314787937,0.004890953274477837,-0.08872180451127819,0.08830287777656197,-0.06,-0.08784965034965035,0.1360813099943535,-0.22641509433962265,-0.11092436974789917,-0.3562136435748281,0.010526315789473682,-0.5037593984962406,-0.057008425429478066,-0.15177304964539004,-0.06431989063568012,-0.1062443438914027,0.2657930107526882,-0.04926624737945492,0.1380952380952381,0.22642574816487862,-0.04680851063829787,-0.19097744360902258,-0.2763515554213229,-0.02723981900452489,-0.14979956830095592,-0.06719367588932806,0.10627705627705629,0.24155844155844156,0.009664753850800362,0.05122448979591836,-0.11031200423056582,0.13179155103299411,0.13812288340590226,-0.016599190283400813,0.03962223187147199,-0.01020408163265306,0.001400560224089636,-0.3413533834586466,-0.26458387347679546,-0.08094405594405595,0.08399209486166008,0.05519580635214307,-0.1859025032938076,0.15578132559264632
Comfort in social situations,0.2666041275797374,-0.12140033879164315,-0.0929386370644465,-0.028677150786308978,-0.17150786308973173,-0.30977443609022554,-0.3104347826086956,-0.2864631514030219,0.1417391304347826,0.03739434816016392,-0.12229965156794427,-0.16906398730830247,0.07485412614615172,1.0,-0.15220483641536273,-0.16334755808440019,-0.14391356542617048,-0.006956521739130434,0.2555656108597285,-0.09936479128856625,-0.08368895211000474,-0.17399277577104755,-0.014627477785372522,0.16442577030812328,0.21819366044290053,0.0730612244897959,0.3116066323613493,-0.19225230414746544,-0.1813343997046972,-0.31531531531531526,-0.29887955182072834,-0.024750325662179763,-0.1964113447810149,0.09908163265306122,0.35974653172967486,0.3647192285876347,-0.4223978919631093,-0.5160875160875161,-0.11485019539730787,0.2596978106691335,0.3491803278688524,0.11260992060104157,0.12142857142857143,0.1061367621274109,0.036556909515167234,-0.14586466165413534,0.4310099573257468,-0.051948051948051945,0.4278846153846153,-0.014782608695652172,-0.15441057893888083,-0.3638655462184874,0.14928955453149,0.023478260869565212,-0.13565217391304346,-0.07819463576695569,-0.10120259019426457,-0.013907985193019563,-0.20825771324863887,-0.29651497695852536,0.04956709956709957,0.09369369369369371,0.32,-0.02420755536257056,0.32521739130434785,0.0782608695652174,-0.034449760765550244,0.26163265306122446,0.259175607001694,-0.06627703097603742,0.04347826086956522,0.07155011749453043,0.014646464646464649,-0.1255823323512377,0.10157211209842788,0.05873815418765474,0.19312835102308787,0.04768439108061749,-0.09541901867129832,-0.3891891891891892,0.3139130434782608,-0.222770979020979,6.70690811535882e-05,0.3675889328063241,0.26367346938775504,-0.08550724637681158,0.057382953181272504
Social communication,-0.10256410256410256,-0.04195804195804196,0.14822134387351776,0.009664753850800362,0.20766129032258068,0.14685314685314685,0.10909090909090911,-0.1383399209486166,-0.025217391304347827,-0.026126814362108473,-0.048120300751879695,-0.2954954954954955,0.1341868183973447,-0.15220483641536273,1.0,0.2771672771672771,0.1574197860962567,0.0,-0.17733990147783246,-0.24010263929618766,0.05309250136836344,-0.011697860962566845,0.2640711902113459,0.015037593984962403,-0.10230769230769231,0.09755360918151616,-0.38489736070381225,0.3900634249471459,-0.0028921023359288096,-0.07848673066064371,0.2747673782156541,-0.20923076923076922,0.12983114446529084,0.06130268199233716,-0.1804812834224599,0.09298245614035087,-0.13367521367521365,-0.17662337662337665,0.4291434927697442,0.33145161290322583,-0.2360580595874713,-0.10221543162719632,-0.03995601173020528,-0.08879492600422834,0.015737203972498087,-0.006993006993006993,0.21237000547345375,-0.013043478260869565,-0.2249881460407776,0.5545454545454546,0.12719941348973607,0.12631578947368421,-0.39719887955182076,-0.05391304347826086,0.4452173913043478,-0.28421052631578947,0.19753694581280784,0.06523708849290244,-0.015186615186615189,0.09575289575289575,0.15120967741935487,-0.09649122807017543,0.4055944055944056,-0.19452991452991453,-0.288695652173913,0.15711462450592886,0.024630541871921176,-0.1116584564860427,-0.4272727272727273,-0.07096774193548387,-0.3636363636363637,0.25395256916996045,-0.1184873949579832,0.39770817417876236,0.014929214929214929,-0.16056166056166057,-0.04411764705882353,-0.08314028314028314,0.2289210233592881,-0.11879699248120301,0.32260869565217387,-0.21829521829521828,-0.03382663847780127,-0.11818181818181818,0.050940170940170934,-0.14615384615384616,0.038044308632543926
Social activity,-0.011764705882352941,0.02097902097902098,0.18508064516129033,-0.4116935483870968,-0.295788770053476,-0.42857142857142855,0.3928571428571428,0.03024193548387097,0.2121212121212121,-0.3107448107448107,-0.09846153846153846,-0.10308123249299721,0.2010066746908852,-0.16334755808440019,0.2771672771672771,1.0,0.2676962676962677,0.06666666666666665,0.03565217391304347,0.18738738738738742,-0.3103448275862069,-0.17999781157675893,-0.18532818532818532,0.11274509803921569,-0.05128205128205128,0.09758064516129034,0.17039897039897042,0.11498257839721256,0.17280366692131396,-0.10153846153846154,0.02736373748609566,-0.14940170940170938,0.11444652908067543,-0.546457219251337,-0.00930487137383689,-0.04210526315789473,0.06956521739130435,-0.010526315789473684,-0.08879551820728293,-0.30425219941348974,0.013677645256592626,0.08923076923076922,-0.05294117647058824,-0.010939145936309864,-0.04027226318774816,-0.0945054945054945,-0.5332591768631813,-0.16173913043478258,-0.14210526315789476,-0.2071428571428571,0.11194331983805669,-0.04338153503893215,-0.20144435933909616,0.5515151515151515,0.07878787878787878,-0.13896103896103898,-0.10759330759330761,0.06795366795366796,0.06022408963585435,-0.06004375658374525,-0.2728291316526611,0.27586206896551724,0.2703296703296703,-0.22879036672140118,-0.2121212121212121,0.05201612903225807,0.17170868347338936,-0.11064425770308124,0.29478260869565215,-0.062041798883904146,-0.04895104895104895,-0.22933771209633277,0.07452725250278086,0.2644032088161413,-0.035817575083426034,-0.050355774493705534,0.1001031991744066,0.2677871148459384,0.5809091645733734,-0.24675324675324675,0.6606060606060605,-0.28496917970602176,-0.1256786322016044,0.2833333333333333,-0.22434017595307917,-0.30645161290322576,-0.2779220779220779
Social awareness,0.008547008547008546,-0.3382352941176471,-0.34194113141481564,0.2889300030835646,0.2881899475794018,0.11217391304347826,0.1936274509803922,-0.3401903928219718,0.28529411764705886,0.05242914979757085,-0.18914956011730205,0.2559183673469388,0.07619909502262442,-0.14391356542617048,0.1574197860962567,0.2676962676962677,1.0,-0.0588235294117647,0.10476190476190476,0.04396824041663109,0.017421602787456445,-0.06837606837606838,0.1636014405762305,-0.16910866910866912,0.30398671096345514,0.008879492600422832,-0.071577243293247,-0.15128489712285492,-0.18291359096830223,0.26200543642404106,0.35061988493639096,-0.35113250902724585,-0.13585858585858587,0.0589731729879741,-0.010777084515031198,-0.4187192118226601,0.15951417004048585,-0.05882352941176471,0.05059901338971106,0.08629776021080368,0.13073593073593076,-0.02396323448955028,-0.21051020408163262,-0.049892075238976256,0.35953520164046476,-0.019130434782608695,-0.06506766064338385,-0.4434782608695652,-0.16707931358319816,-0.24754901960784317,0.13841421736158577,-0.14543114543114544,-0.42206975414522585,0.5529411764705882,0.2676470588235294,-0.3445855614973262,0.0975023126734505,0.26126482213438734,0.09366327474560593,0.00606060606060606,-0.2566217976552323,-0.1147440794499618,0.2982608695652174,-0.07276507276507277,-0.36470588235294116,-0.2670970565707408,-0.14054887449892076,0.20536540240518042,0.15037593984962402,0.17271407837445574,-0.32598039215686275,-0.06279602750190985,-0.1968641114982579,-0.11125541125541127,0.6568609312365093,0.08846153846153848,-0.14652014652014653,0.12357183372498177,-0.07706020581800502,-0.22225935828877005,0.28823529411764703,0.03809954751131221,-0.32791029297381385,-0.3382352941176471,-0.004942873348999271,-0.4244939271255061,0.22657635865183032
Respect for others,0.3208695652173913,0.8285714285714287,0.0979020979020979,-0.3347826086956522,-0.3626373626373627,-0.49999999999999994,0.9999999999999999,0.4545454545454546,-0.22869565217391302,0.15391304347826085,0.3939393939393939,0.21478260869565213,0.37744360902255636,-0.006956521739130434,0.0,0.06666666666666665,-0.0588235294117647,1.0,0.05739130434782608,-0.25980392156862747,-0.009090909090909092,0.1323529411764706,0.007142857142857141,-0.3696969696969697,0.18181818181818185,0.0017391304347826085,0.15714285714285714,0.3678260869565217,0.05294117647058824,0.22424242424242422,-0.5090909090909091,0.015384615384615385,0.18956521739130433,-0.3010989010989011,0.03217391304347826,-0.10909090909090911,-0.15934065934065936,-0.43636363636363645,-0.5164835164835164,0.410989010989011,0.18382352941176472,0.21739130434782608,-0.29901960784313725,0.3878260869565217,0.06127450980392158,-0.49999999999999994,0.16363636363636366,-0.10714285714285716,-0.4601503759398496,0.8999999999999998,-0.07252747252747253,0.18333333333333335,-0.1719298245614035,0.09391304347826085,-0.12608695652173912,0.23636363636363633,0.8251748251748254,-0.11826086956521738,-0.1591304347826087,-0.06315789473684211,0.06176470588235294,0.9878787878787878,0.3714285714285715,0.46153846153846156,0.10173913043478258,0.44755244755244755,0.0989010989010989,0.021978021978021976,0.6571428571428573,0.5384615384615385,0.4285714285714286,-0.15384615384615385,0.1843478260869565,-0.11519607843137256,0.18347826086956517,-0.11470588235294117,-0.6503496503496504,0.12956521739130433,0.30769230769230765,-0.01818181818181818,-0.040869565217391296,-0.050434782608695654,-0.25217391304347825,-0.4642857142857144,-0.14285714285714285,0.6043956043956044,-0.007352941176470588
Sexual behavior,0.34696356275303647,0.04615384615384615,-0.07471352177234529,-0.06330532212885154,-0.18878299120234604,0.027472527472527472,0.21078431372549022,-0.005958747135217723,0.2626086956521739,0.0674089068825911,-0.2534209085933224,-0.0351131221719457,0.03928461301264261,0.2555656108597285,-0.17733990147783246,0.03565217391304347,0.10476190476190476,0.05739130434782608,1.0,-0.08937687383518354,0.191699604743083,-0.29843610728466086,-0.06377430061640588,0.017094017094017096,-0.14809384164222872,-0.0036036036036036037,0.03502024291497976,-0.06814677767499229,0.06296086216676121,-0.33652173913043476,0.29545454545454547,-0.11257035647279551,-0.17387755102040817,0.1171171171171171,0.11515151515151513,0.2133431085043988,-0.07881231671554251,-0.15270935960591134,-0.1697860962566845,-0.06268328445747799,0.2216852914527333,0.5847176079734219,0.016773357102341787,-0.20881614131755938,-0.22129487075601653,0.021978021978021976,-0.011857707509881422,0.20979020979020982,0.11637372802960222,0.11764705882352941,-0.08487434803224277,0.0037606837606837602,-0.04743083003952568,0.4417391304347826,-0.04347826086956521,0.014285714285714282,-0.125,0.352104532839963,0.0200825010855406,-0.0895915678524374,-0.2879924953095685,0.28136752136752136,0.2175824175824176,-0.11505791505791506,0.248695652173913,0.29778456837280365,0.07918444760550022,0.147440794499618,0.4282765737874097,0.21417004048582997,-0.04175824175824176,0.3900401069518717,-0.04168475900998697,0.1958622772576261,0.1431174089068826,0.37833238797504254,0.5708502024291497,-0.021443672606463304,0.1768048128342246,-0.5269565217391303,0.033913043478260865,-0.18271308523409363,0.31033893963971654,0.40695652173913033,0.2380952380952381,-0.12533422459893048,-0.13347558084400188
Play,0.2693548387096774,-0.16103896103896104,-0.20988142292490114,0.0786771368166717,0.10606060606060606,0.17217391304347823,0.3890457368718239,-0.1826086956521739,0.05147058823529412,-0.16354575656901238,0.14912280701754385,-0.03245345929424841,-0.06928960331864144,-0.09936479128856625,-0.24010263929618766,0.18738738738738742,0.04396824041663109,-0.25980392156862747,-0.08937687383518354,1.0,-0.008060692271218587,0.1786435786435787,-0.40638606676342526,-0.03437738731856379,-0.1880197322057787,-0.06358885017421603,0.05027611044417767,-0.040738209159261796,0.1565412654957089,-0.07125506072874495,-0.14182754182754184,0.26896392229417204,0.14169877363954572,-0.1997258506692469,-0.21857707509881422,-0.07648539227486595,0.1606600086843248,0.5193258244874808,0.20056377730796335,-0.27457180500658757,-0.18286620835536752,-0.2558139534883721,0.043492351568576615,-0.2930612244897959,0.21531268264173,0.18,-0.1209103840682788,0.23759398496240602,0.16364699006428993,0.33032185206098247,0.3447353040696423,0.2268049590794911,-0.03538252791984136,0.11274509803921569,0.07107843137254903,0.3132727869569975,-0.10662966389145853,-0.17894646973448303,0.009979494190020506,0.05827604442094129,-0.12422336573279968,-0.06756756756756756,-0.5166572557876906,-0.07423681776133209,-0.12745098039215688,-0.2548089591567852,-0.18995475113122173,0.04448979591836734,0.02869565217391304,-0.21590614467202493,-0.08181818181818182,-0.20844277673545966,-0.10999999999999999,0.008133766462692956,-0.05194805194805195,0.3387755102040816,-0.054054054054054064,0.2648979591836734,0.11620553359683794,-0.13063063063063063,0.2720588235294118,-0.129369269241456,0.21538461538461537,0.2519762845849803,0.0507554733271662,-0.44558629776021075,0.09248868778280542
Social belonging,-0.2352941176470588,0.10989010989010989,-0.03968253968253968,0.2413101604278075,0.1808155080213904,0.3362637362637363,0.2571428571428571,-0.005494505494505494,0.5,-0.043787629994526546,-0.02692307692307692,0.10000000000000002,-0.028121238647554437,-0.08368895211000474,0.05309250136836344,-0.3103448275862069,0.017421602787456445,-0.009090909090909092,0.191699604743083,-0.008060692271218587,1.0,0.14172271290819222,0.42162162162162165,0.1518796992481203,0.16129032258064516,0.2774064171122995,-0.4285714285714286,0.15112227534235478,-0.3325534759358289,0.00040322580645161296,-0.0967741935483871,-0.4823931623931623,0.022064777327935225,0.2620967741935484,-0.002565982404692082,-0.23308270676691725,0.1758241758241758,0.1394692264257482,-0.1750700280112045,0.13519163763066205,0.19093992778203306,-0.11416361416361415,-0.11402831402831404,-0.08795637743006164,0.25647773279352226,0.1956043956043956,0.2214569321772952,0.047826086956521734,-0.09392712550607286,0.35824175824175825,0.0305668016194332,0.02692307692307692,-0.10688259109311742,0.5,0.29090909090909095,0.23626373626373626,-0.1697860962566845,0.36050420168067226,0.3669786096256685,0.15031196823596144,0.09411764705882354,0.18281335522714834,-0.07739130434782608,0.3308913308913309,-0.22727272727272727,-0.14224664224664224,0.011764705882352943,-0.10728291316526611,-0.14285714285714285,0.2933581354633986,0.33516483516483514,0.4246153846153846,-0.2756395995550612,-0.15485829959514172,0.2579831932773109,0.307608100711549,0.303921568627451,-0.15762463343108502,0.04508797653958944,-0.1902879728966686,0.10000000000000002,0.04607464607464608,0.24430759257758694,0.14545454545454548,0.40799120234604097,-0.23152709359605914,0.1915057915057915
Sense of safety,0.1694581280788177,0.05826086956521739,0.026638477801268497,-0.029252086540798965,-0.013469387755102041,0.08120300751879699,0.24086956521739128,0.037632135306553904,0.06176470588235294,-0.11674375578168363,0.15975609756097564,-0.11204906204906206,-0.12368882463317853,-0.17399277577104755,-0.011697860962566845,-0.17999781157675893,-0.06837606837606838,0.1323529411764706,-0.29843610728466086,0.1786435786435787,0.14172271290819222,1.0,0.022055430803777417,-0.4591291061879296,-0.039272603090583114,-0.22832980972515857,0.0195160031225605,0.006292966684294024,0.029621467461757842,0.12612612612612611,-0.14131274131274132,-0.0006783842121492445,0.09102564102564102,-0.18920972644376902,-0.13913043478260867,-0.030373230373230378,-0.005587435819993959,0.2409472880061115,0.393243025318497,-0.10043834572136458,-0.023144360023378146,-0.37073391724554516,0.1416484097605198,-0.16325519344387268,0.10191130920903528,-0.04210526315789473,-0.03622072765578154,0.33391304347826084,-0.027977134798922217,0.3608695652173913,0.15815295815295818,0.46917970602181125,-0.07843701996927804,0.06176470588235294,0.2588235294117647,0.30347490347490347,0.22071428571428572,0.11002886002886005,0.22453683940920344,0.14658910629296668,0.09080891884884626,0.07052767052767053,0.03043478260869565,0.09816326530612243,-0.09705882352941177,0.04045102184637068,0.09723651610444062,-0.058877551020408155,-0.2941840767927725,-0.07114952782306438,0.02608695652173913,-0.12267206477732795,-0.16295918367346937,-0.21563294804965877,-0.10157261794634598,-0.1996299722479186,-0.18869365928189455,-0.21282762873882208,-0.10071692876965772,0.07696267696267697,-0.29705882352941176,-0.18609022556390978,-0.053877465817764335,0.1263157894736842,0.05758556891766882,-0.10061224489795917,-0.08831168831168833
